19248
19247
19245
19244
19237
19235
19234
19233
19231
19229
19227
19226
19225
19224
19223
19222
19216
19215
19212
19209
19207
19206
19205
19204
19203
19202
19200
19199
19197
19196
19194
19193
19192
19191
19186
19185
19183
19180
19178
19176
19174
19172
19171
19170
19166
19165
19163
19156
19142
19110
19108
19105
19103
19048
19038
19000
18974
18952
18946
18938
18934
18658
18642
18623
18617
18601
18591
18514
18482
18242
18227
18166
18143
18104
18059
18015
17951
17945
17902
17848
17751
17617
17616
17583
17556
17510
17506
17481
17480
17323
17202
17189
17156
17019
16989
16985
16936
16904
16797
16773
16760
16736
16735
16734
16691
16658
16450
16445
16444
16375
16354
16137
16135
16053
15994
15970
15965
15952
15932
15912
15747
15746
15736
15721
15660
15659
15654
15653
15638
15395
14937
14924
14756
14744
14731
14368
14060
14034
13985
13960
13885
13619
13525
13482
13344
12989
12903
12863
12529
12330
12329
12328
12171
12148
12004
11825
11789
11749
11440
11432
11428
11328
11266
11265
11197
11028
11007
10788
8342
8291
8025
7830
7365
6684
6443
6165
6164
6082
6081
6061
5882
5881
5880
5879
5700
4081
3969
3701
3549
3546
3510
3451
3401
3267
3256
3175
3162
3075
3033
2633
2629
1451
1450
1140
1067
1066
1065
1064
1063
1062
1058
1043
1037
922
437
356
353
352
343
342
183
173
