19242
19238
19232
19230
19228
19221
19220
19219
19217
19214
19210
19208
19201
19198
19195
19188
19187
19184
19182
19181
19179
19177
19175
19173
19169
19168
19167
19164
19161
19145
19141
19116
18932
18764
18755
18754
18687
18655
18641
18618
18613
18606
18602
18586
18585
18281
18198
18163
18144
18103
18098
17978
17977
17972
17936
17923
17885
17849
17817
17816
17731
17719
17688
17631
17612
17609
17584
17582
17555
17554
17552
17551
17550
17507
17378
17376
17375
17374
17373
17349
17348
17347
17294
17169
17130
17128
17127
17074
17073
16986
16961
16913
16909
16895
16894
16893
16892
16891
16883
16848
16833
16786
16783
16772
16764
16761
16692
16677
16660
16611
16481
16465
16454
16451
16422
16370
16335
16334
16076
16070
16006
16004
15995
15961
15956
15954
15948
15947
15938
15936
15890
15859
15858
15690
15661
15652
15644
15643
15637
15636
15632
15609
15608
15468
15394
15391
15240
15114
15097
15004
14978
14953
14757
14724
14663
14545
14257
14030
13997
13996
13961
13952
13951
13949
13884
13777
13728
13677
13529
13524
13364
13362
13330
13280
13185
13184
12988
12985
12963
12961
12920
12856
12834
12324
12081
12029
11896
11888
11886
11664
11663
11662
11661
11280
11264
11196
11006
11005
10894
10758
10443
10442
10441
10440
10424
10337
10331
10276
10092
9468
9426
9407
8025
7594
7446
7215
6695
6658
6641
6639
6229
6163
6082
5918
5883
5848
5826
5590
5557
5042
4580
4556
4505
4165
4154
4086
4085
4083
3969
3900
3658
3624
3561
3525
3504
3481
3435
3434
3430
3399
3226
3174
3154
3143
3095
3094
3078
3077
3076
3071
3068
3052
3042
3041
3028
2996
2969
2966
2801
2575
2573
2541
2395
2367
2243
2225
2087
2047
2015
2006
1988
1985
1720
1686
1564
1421
1138
1137
1136
1135
1083
1057
1009
1007
989
988
966
859
829
809
785
779
746
698
644
557
547
546
508
429
405
383
365
358
355
341
338
337
336
335
334
333
330
327
326
324
323
307
275
274
221
215
214
200
184
172
156
153
107
69
67

